8.82060196143
10.6815246772
7.26715004037
7.27841860353
7.24944229827
7.27197942458
7.26929643336
7.27197942458
7.26446704915
7.2698330316
7.26554024564
7.26715004037
7.27197942458
7.26500364739
7.26715004037
7.26929643336
7.07129168072
7.2698330316
7.26929643336
7.26500364739
7.2698330316
7.27627221055
7.26715004037
7.40934857546
8.0661448281
8.25502741055
8.59308430529
9.24773416494
9.24773416494
9.24344137898
9.24988055792
9.25256354915
8.59093791231
6.16014785967
21.842768186
22.1534585702
22.1400436141
22.2360947001
22.4501974001
27.5301729913
9.41944560354
8.67357404213
7.60306054213
58.6636032019
6.28195566142
14.073898786
8.26253978599
10.0585341141
6.27283349125
14.9576760965
15.1857303509
5.81779817897
5.58169495089
9.2343192088
6.22722264037
7.92609268599
7.59554816669
8.26683257196
7.92877567722
7.37285989476
6.8110415316
6.47781402107
14.8347950983
5.59081712107
5.80438322283
5.59725630002
5.59779289826
5.57042638774
18.1493624615
17.1700706632
17.5070543615
11.3501260913
9.2471975667
8.26253978599
8.25288101757
8.25341761582
8.26039339301
8.26629597371
8.26844236669
8.26468617897
8.25288101757
8.2555640088
8.26629597371
8.26253978599
8.25932019652
8.26468617897
8.2673691702
8.25073462459
8.2555640088
8.26414958073
8.2555640088
8.26200318775
8.26414958073
8.25985679476
8.2555640088
8.25824700003
8.26468617897
8.26468617897
8.26468617897
8.26253978599
8.26039339301
8.26897896494
8.26468617897
8.26200318775
8.26683257196
8.26414958073
8.26253978599
8.25824700003
8.26200318775
8.25932019652
8.25824700003
8.25127122283
8.24805163336
8.2732717509
8.25985679476
8.25717380353
8.26039339301
8.26039339301
8.26468617897
8.25341761582
8.26200318775
8.26468617897
8.25932019652
8.25180782108
8.26039339301
8.25502741055
8.25824700003
8.26039339301
8.25985679476
8.25288101757
8.25341761582
8.26629597371
8.26897896494
8.26039339301
8.26844236669
8.25932019652
8.26468617897
8.26200318775
8.2555640088
8.25771040178
8.2555640088
8.26253978599
8.27112535792
8.27380834915
8.59576729652
8.92631181582
9.24988055792
9.25524654038
9.24558777196
9.24558777196
9.25739293336
9.24827076319
9.25202695091
9.24988055792
9.24827076319
9.25202695091
9.24558777196
9.23861199477
9.24290478073
9.24988055792
9.25256354915
9.25470994213
9.24505117371
9.25256354915
9.25470994213
9.24988055792
9.24988055792
9.23914859301
9.25417334389
9.2531001474
9.24344137898
9.25256354915
9.25256354915
9.24344137898
9.25041715617
9.25256354915
9.24880736143
9.24988055792
9.24773416494
9.25202695091
9.2471975667
9.25685633512
9.25041715617
9.2461243702
9.24988055792
9.2590027281
9.2461243702
9.25524654038
9.25041715617
9.24344137898
9.24988055792
9.25792953161
9.25095375442
9.24988055792
9.25202695091
9.25256354915
9.25256354915
9.2531001474
9.24988055792
9.24773416494
9.24505117371
9.24558777196
9.25041715617
9.24988055792
9.2471975667
9.25685633512
9.24773416494
9.24827076319
9.2461243702
9.25256354915
9.25041715617
9.24988055792
8.03770512108
9.24827076319
9.25202695091
9.24773416494
9.24558777196
9.24827076319
9.24773416494
9.24827076319
9.24827076319
9.24827076319
9.25524654038
9.25041715617
9.23056302108
9.24558777196
9.24773416494
9.24988055792
9.25470994213
9.24666096845
9.24773416494
9.24827076319
9.25363674564
9.24773416494
9.24827076319
9.23270941406
9.24129498599
9.24988055792
9.25041715617
9.24558777196
9.24344137898
9.25041715617
9.25202695091
9.24880736143
9.25417334389
9.25846612985
9.25631973687
9.24773416494
9.24129498599
9.26812489827
9.25739293336
9.24988055792
9.25739293336
9.25041715617
9.24344137898
9.24290478073
9.24773416494
9.25202695091
9.24558777196
9.24773416494
9.25524654038
9.25202695091
9.24558777196
9.24773416494
9.2531001474
9.24558777196
9.2531001474
9.25041715617
9.24988055792
9.25417334389
8.58664512634
7.2698330316
8.91718964564
8.26253978599
8.26414958073
8.26683257196
8.26468617897
8.59254770704
9.25256354915
9.24558777196
9.25631973687
9.25470994213
9.25256354915
9.25041715617
9.25256354915
9.24505117371
9.25256354915
9.25041715617
9.24773416494
9.25202695091
9.25041715617
9.25041715617
9.25041715617
9.24773416494
9.24827076319
9.24988055792
9.24773416494
9.25256354915
9.25524654038
9.25256354915
9.24773416494
9.24505117371
9.25470994213
9.25685633512
9.25470994213
9.24773416494
9.24773416494
9.24827076319
9.24773416494
9.25202695091
9.24827076319
9.25256354915
9.24344137898
9.25524654038
9.26168571933
9.24988055792
9.25739293336
9.25202695091
9.25256354915
9.2531001474
9.25202695091
9.25417334389
9.24344137898
9.25470994213
9.25953932634
9.24827076319
9.25041715617
9.25417334389
9.24773416494
9.25470994213
9.25739293336
9.2461243702
9.25041715617
9.24558777196
9.24988055792
9.24827076319
9.24344137898
9.25417334389
9.24344137898
9.24558777196
9.25041715617
9.25846612985
9.25202695091
9.24558777196
9.24773416494
9.25202695091
9.25685633512
9.24558777196
9.24505117371
9.24558777196
9.2531001474
9.25524654038
9.25417334389
9.24988055792
9.25256354915
9.24773416494
9.25417334389
9.28207645266
9.25470994213
9.25256354915
9.2461243702
9.25578313863
9.24827076319
9.24988055792
9.25739293336
9.25470994213
9.2461243702
8.59093791231
8.59308430529
9.24397797722
9.24558777196
8.2426856509
8.26414958073
8.59308430529
8.92362882459
9.24880736143
9.24773416494
9.25256354915
9.24344137898
9.25256354915
8.59737709126
8.26039339301
8.26414958073
8.25341761582
8.25985679476
8.26253978599
8.26253978599
8.26253978599
8.26039339301
8.25985679476
8.25985679476
8.91718964564
8.90645768073
8.26683257196
8.25932019652
8.25717380353
8.25502741055
8.25395421406
8.26468617897
8.26039339301
8.25985679476
8.26200318775
8.25824700003
8.2614665895
8.26039339301
8.26200318775
8.26253978599
8.92148243161
9.24558777196
8.58449873336
8.26200318775
8.26200318775
8.26897896494
8.59523069827
9.24558777196
8.26844236669
8.25985679476
8.25502741055
8.27488154564
8.2485882316
8.26253978599
8.26414958073
8.25717380353
8.26092999125
8.25824700003
8.25717380353
8.26253978599
8.25717380353
8.26468617897
8.25073462459
8.2555640088
8.2555640088
8.26200318775
8.25717380353
8.26039339301
8.25288101757
8.26200318775
8.26253978599
8.26468617897
8.26629597371
8.25824700003
8.25717380353
8.2732717509
8.2555640088
7.37285989476
9.24934395968
9.24290478073
9.25256354915
9.24827076319
9.2590027281
9.25202695091
9.25095375442
9.24773416494
9.24827076319
9.25792953161
9.24344137898
9.24827076319
9.25041715617
9.25041715617
9.25041715617
9.24827076319
9.24773416494
9.25256354915
9.25041715617
9.24988055792
9.25470994213
9.24558777196
9.25202695091
9.25417334389
9.24558777196
9.23914859301
9.2461243702
9.25041715617
9.2461243702
9.25417334389
9.24988055792
9.24988055792
9.24773416494
9.24075838775
9.24344137898
9.24988055792
9.24558777196
9.24773416494
9.25524654038
9.24988055792
9.25202695091
9.24988055792
9.24773416494
9.24773416494
9.24773416494
9.25041715617
9.24558777196
9.25202695091
9.25256354915
9.25256354915
9.24988055792
9.2461243702
9.24988055792
9.2461243702
9.24397797722
9.24988055792
9.24827076319
9.25256354915
9.24773416494
9.24988055792
9.2531001474
9.24397797722
9.24505117371
9.25470994213
9.24773416494
9.2531001474
9.25041715617
9.25041715617
9.24773416494
9.25256354915
9.24773416494
9.32178472284
9.24773416494
9.24344137898
9.24988055792
9.24827076319
9.24988055792
9.25256354915
9.24344137898
9.2461243702
9.24773416494
9.25256354915
9.24773416494
9.25631973687
9.2531001474
9.24558777196
9.25041715617
9.25041715617
9.24827076319
9.2461243702
9.2471975667
9.25256354915
9.24827076319
9.25685633512
9.25470994213
9.25631973687
9.25041715617
9.24773416494
9.25470994213
9.24558777196
9.25470994213
9.24988055792
9.24344137898
9.24344137898
9.24558777196
9.2461243702
9.24827076319
9.25470994213
9.25041715617
9.24558777196
9.24558777196
9.25202695091
9.24773416494
9.24773416494
9.24827076319
9.24505117371
9.24344137898
9.24827076319
9.24988055792
9.24558777196
9.24773416494
9.25685633512
9.25256354915
9.24988055792
9.25256354915
9.25041715617
9.25631973687
9.24129498599
9.24558777196
9.24827076319
9.25470994213
9.25202695091
9.25470994213
9.25041715617
9.24558777196
9.25524654038
9.24290478073
9.24988055792
9.25524654038
9.26436871056
9.2531001474
9.24344137898
9.25095375442
9.24827076319
9.25095375442
9.24827076319
9.24773416494
9.24558777196
9.2461243702
9.2531001474
9.24558777196
9.24344137898
9.25256354915
9.24290478073
9.25202695091
9.25256354915
9.24773416494
9.25202695091
9.24988055792
9.25202695091
9.24773416494
9.24773416494
9.25041715617
9.24773416494
9.25470994213
9.25041715617
9.24558777196
9.25041715617
9.25417334389
9.24988055792
9.24183158424
9.24344137898
9.25685633512
9.24988055792
9.24988055792
9.24558777196
9.24558777196
9.25524654038
9.25524654038
9.24988055792
9.25470994213
9.24773416494
9.2461243702
9.25470994213
9.25202695091
9.25470994213
9.24988055792
9.24558777196
9.25041715617
9.24773416494
9.24988055792
9.24558777196
9.2461243702
9.24558777196
9.24558777196
9.25417334389
9.24988055792
9.24827076319
9.25631973687
9.24558777196
9.2461243702
9.25041715617
9.25256354915
9.24773416494
9.25524654038
9.24773416494
9.25470994213
9.24558777196
9.25041715617
9.24129498599
9.25470994213
9.25041715617
9.24344137898
9.24558777196
9.24558777196
9.24773416494
9.24344137898
9.24344137898
9.25256354915
9.25095375442
9.24988055792
9.25470994213
9.24558777196
9.24827076319
9.25202695091
9.24773416494
9.24773416494
9.25256354915
9.25041715617
9.25041715617
9.25041715617
9.25256354915
9.24344137898
9.24183158424
9.2531001474
9.25202695091
9.24988055792
9.24558777196
9.24827076319
9.24344137898
9.25041715617
9.25256354915
9.25256354915
9.25470994213
9.24827076319
9.24827076319
9.25256354915
9.25256354915
9.24773416494
9.25470994213
9.24827076319
9.25202695091
9.24558777196
9.24988055792
9.24988055792
9.24773416494
9.25417334389
9.25470994213
9.25041715617
9.25685633512
9.25202695091
9.2531001474
9.25470994213
9.24290478073
9.24773416494
9.24558777196
9.24344137898
9.25202695091
9.24988055792
9.24344137898
9.24988055792
9.24397797722
9.24773416494
9.24773416494
9.24773416494
9.25256354915
9.24129498599
9.24558777196
9.24988055792
9.25256354915
9.24988055792
9.25631973687
9.25095375442
9.25685633512
9.24558777196
9.24344137898
9.24129498599
9.25256354915
9.25417334389
9.25256354915
9.25256354915
9.24988055792
9.25524654038
9.24827076319
9.24773416494
9.24558777196
9.2461243702
9.25095375442
9.24397797722
9.25631973687
9.24988055792
9.24827076319
9.25095375442
9.25739293336
9.25202695091
9.2590027281
9.25202695091
8.0285829509
9.24558777196
9.2461243702
9.24988055792
9.25149035266
8.02750975441
9.24558777196
9.24827076319
9.24344137898
9.24827076319
9.24773416494
9.24988055792
9.24988055792
9.24558777196
9.24827076319
9.2590027281
9.24827076319
9.24344137898
9.25470994213
9.24988055792
9.24773416494
8.02321696845
9.24397797722
9.25095375442
9.25739293336
9.24988055792
9.24988055792
9.25524654038
9.24988055792
9.25739293336
9.24773416494
9.24827076319
9.24827076319
9.23861199477
9.24988055792
9.24129498599
9.24988055792
9.24827076319
9.25256354915
9.24558777196
9.24773416494
9.25739293336
9.24988055792
9.24773416494
9.24344137898
9.24075838775
9.24558777196
9.24988055792
9.25846612985
9.25256354915
9.25041715617
9.24988055792
9.25041715617
9.24773416494
9.25041715617
9.25256354915
9.25417334389
9.24773416494
9.24558777196
9.25041715617
9.25417334389
9.25739293336
9.25202695091
9.26007592459
9.25202695091
9.24558777196
9.25202695091
9.24827076319
9.23700220003
9.25256354915
9.25417334389
9.24773416494
9.24988055792
9.25417334389
9.24773416494
9.24773416494
9.24129498599
9.25685633512
9.24988055792
9.25470994213
9.24558777196
9.24558777196
9.24558777196
9.24988055792
9.25524654038
9.24827076319
9.24988055792
9.24827076319
9.25470994213
9.25041715617
9.23700220003
9.24988055792
9.24558777196
9.23914859301
9.25685633512
9.25256354915
9.24773416494
9.25202695091
9.2471975667
9.24988055792
9.25470994213
9.24558777196
9.25041715617
9.25202695091
9.24558777196
9.24988055792
9.25470994213
9.24773416494
9.24827076319
9.25470994213
9.24666096845
9.25256354915
9.25256354915
9.24129498599
9.25685633512
9.24558777196
9.24827076319
9.25739293336
9.2461243702
9.25256354915
9.24827076319
9.25470994213
9.24558777196
9.24827076319
9.24773416494
9.23861199477
9.24880736143
9.24558777196
9.25792953161
9.25202695091
9.24344137898
9.25041715617
9.25041715617
9.25685633512
9.25095375442
9.24129498599
9.25524654038
9.24988055792
9.25470994213
9.24827076319
9.25256354915
9.24827076319
9.25524654038
9.24344137898
9.24988055792
9.24344137898
9.2461243702
9.2461243702
9.24827076319
9.2590027281
9.25041715617
9.25256354915
9.24988055792
9.24773416494
9.2461243702
9.25041715617
9.24988055792
9.25202695091
9.2461243702
9.25041715617
9.25256354915
9.25041715617
9.24988055792
9.24773416494
9.25685633512
9.2471975667
9.25041715617
9.25256354915
9.25256354915
9.25256354915
9.24129498599
9.24827076319
9.24934395968
9.24827076319
9.24988055792
9.24773416494
9.24773416494
9.25470994213
9.24397797722
9.25256354915
9.23646560178
9.24505117371
9.25578313863
9.25095375442
9.25095375442
9.25095375442
9.25041715617
9.25739293336
9.2531001474
9.25685633512
9.25256354915
9.25256354915
9.25095375442
9.24988055792
9.24988055792
9.2461243702
9.24827076319
9.25041715617
9.24129498599
9.25256354915
9.25041715617
9.25041715617
9.24558777196
9.24558777196
9.24773416494
9.24988055792
9.25256354915
9.24988055792
9.25685633512
9.24988055792
9.24773416494
9.24827076319
9.26168571933
9.25202695091
9.24558777196
8.02160717371
9.25041715617
9.25417334389
9.25256354915
9.25417334389
9.25041715617
9.25470994213
9.24558777196
9.2531001474
9.24558777196
9.25202695091
9.25256354915
9.25685633512
9.25685633512
9.26651510354
9.24773416494
9.26114912108
9.25041715617
9.24558777196
9.25417334389
9.2461243702
9.26651510354
9.25846612985
9.24773416494
9.24988055792
9.25631973687
9.24773416494
9.24558777196
9.24827076319
9.25256354915
9.25417334389
9.25202695091
9.25470994213
9.24344137898
9.24827076319
9.24988055792
9.24827076319
9.24827076319
9.24344137898
9.25470994213
9.25041715617
9.25524654038
9.25417334389
9.24558777196
9.24344137898
9.24988055792
9.25202695091
9.24344137898
9.24558777196
9.24344137898
9.2471975667
9.24773416494
9.25095375442
9.24773416494
9.24827076319
9.25256354915
9.25417334389
9.2402217895
9.25256354915
9.25256354915
9.2531001474
9.24344137898
9.24988055792
9.24827076319
9.24344137898
9.24773416494
9.24558777196
9.25739293336
9.24827076319
9.25041715617
9.24988055792
9.25256354915
9.25095375442
9.25524654038
9.24827076319
9.24988055792
9.25470994213
9.25256354915
9.25256354915
9.24344137898
9.24290478073
9.24988055792
9.24988055792
9.24075838775
9.24827076319
9.24880736143
9.25524654038
9.24988055792
9.24988055792
9.24558777196
9.25739293336
9.25202695091
9.25685633512
9.24505117371
9.25202695091
9.24827076319
9.24827076319
9.25470994213
9.25256354915
9.24773416494
9.2461243702
9.25202695091
9.25417334389
9.25739293336
9.25417334389
9.24827076319
8.03019274564
9.25953932634
9.24827076319
9.24773416494
9.25041715617
9.26168571933
9.25041715617
9.25202695091
9.25417334389
9.24773416494
9.24558777196
9.24827076319
9.24344137898
9.24988055792
9.25470994213
9.25685633512
9.25041715617
9.2461243702
9.2590027281
9.25202695091
9.26114912108
9.25470994213
9.24988055792
9.24988055792
9.24880736143
9.24558777196
9.24773416494
9.24880736143
9.25202695091
9.24988055792
9.25095375442
9.25470994213
9.24988055792
9.25041715617
9.25041715617
9.25041715617
9.24773416494
9.26222231757
9.24988055792
9.26329551406
9.25578313863
9.24505117371
9.24988055792
9.24773416494
9.24827076319
9.24397797722
9.25739293336
9.25685633512
9.25470994213
9.24558777196
9.26436871056
9.25685633512
9.24773416494
9.25256354915
9.24988055792
9.25685633512
9.24773416494
9.25041715617
9.2531001474
9.24773416494
9.2531001474
9.2461243702
9.24773416494
9.24773416494
9.25524654038
9.25256354915
9.25524654038
9.24344137898
9.2531001474
9.24505117371
9.24827076319
9.24558777196
9.23592900354
9.24558777196
9.24773416494
9.2461243702
9.24773416494
9.2531001474
9.24880736143
9.25041715617
9.24827076319
9.24558777196
9.24988055792
9.25256354915
9.24344137898
9.2461243702
9.24827076319
9.24773416494
